0.614204
4.08213
0.661801
0.119085
0.0230376
1.13523
0.471563
0.670039
1.32891
0.07816
1.59471
0.365174
0.00403925
0.122706
1.16809
0.196104
0.0954482
0.43
1.32271
0.711988
1.25398
1.70868
0.00109008
1.62711
0.41191
0.905291
0.577908
0.587477
0.302261
0.53592
0.319406
0.546131
2.27781
0.980852
0.818539
2.29199
1.4713
0.239524
0.776463
1.14459
0.00296085
0.206445
1.08249
1.3577
0.757217
1.29106
0.89375
0.614239
1.84893
0.0641693
1.32958
0.80236
0.114759
0.579834
1.49248
4.70017
0.298351
0.314805
0.562793
1.36628
2.85345
2.50115
0.448838
0.586229
0.65526
0.910283
0.428749
0.249059
2.16222
1.87338
0.0263038
0.196008
1.47549
1.46775
0.645613
0.118347
0.847515
0.406464
0.723737
0.0630332
0.220786
0.207935
0.428557
0.237285
0.128013
0.150682
0.757962
0.835289
0.589216
0.0787634
0.654177
2.05739
2.54517
0.17881
0.365718
0.759778
0.420614
1.53895
0.262911
1.48931
