4.99846
0.552101
1.04537
4.68605
0.826122
2.03699
4.74709
3.49128
2.33357
3.46597
3.58235
2.9973
1.19454
3.84244
2.22283
0.573723
1.98707
1.56114
0.784747
0.750049
0.0929997
1.27767
0.673504
4.66536
2.55349
4.3961
3.03688
2.10959
2.44658
0.626786
1.10753
0.384472
0.197699
2.93739
3.38162
2.87491
3.31484
0.321701
3.23043
0.350491
0.42703
2.12988
0.728103
1.07337
0.265393
0.422976
2.37368
0.262494
1.08783
4.35656
0.807257
1.76018
0.469048
1.60129
3.1595
0.581779
1.80623
0.140573
1.17462
2.15014
0.627279
2.17622
3.47083
1.43224
0.544121
1.90619
2.82226
3.10584
3.22426
2.00294
0.289029
1.30206
0.306592
1.78424
1.98256
1.69606
3.68508
2.80402
4.88358
1.45377
3.99764
0.469319
3.49
3.99132
1.55515
2.78903
1.33977
0.143246
2.73891
2.48384
2.11111
3.37225
0.48316
0.130867
1.17229
0.399609
0.869816
1.50566
1.80266
2.66438
2.91719
1.76417
2.4209
3.33194
2.90462
3.15277
0.309855
0.40425
0.178295
3.93446
0.413634
1.19504
0.620084
0.474562
3.0304
3.1494
0.661039
1.78321
4.78858
4.21786
0.432974
2.03418
1.47433
4.40895
0.61265
3.1175
2.79421
4.90273
1.80568
3.8444
4.96932
2.34181
0.928754
2.88521
2.53115
0.940872
0.663377
1.8312
0.5007
4.9805
0.400044
2.95683
0.0850494
1.54958
3.98057
1.05067
2.7228
0.846008
1.65353
3.10648
4.09373
2.94383
0.259322
0.396702
2.00643
3.68707
1.96837
4.66311
4.88575
1.28244
0.707512
1.32148
2.96825
3.13543
2.7213
0.322921
3.61917
3.44058
0.865888
0.960139
